1762302828942 0.8421052631578947 0
1762302829113 0.8719646799116998 1
1762302829321 0.8839285714285714 2
1762302829530 0.8893905191873589 3
1762302829769 0.8923766816143498 4
1762302830018 0.8960176991150443 5
1762302830257 0.8971553610503282 6
1762302830517 0.9008620689655172 7
1762302830775 0.8997912317327766 8
1762302830994 0.9106029106029107 9
1762302831222 0.9104166666666667 10
1762302831561 0.9138655462184874 11
1762302831803 0.9250535331905781 12
1762302832030 0.9248434237995825 13
1762302832235 0.9240246406570842 14
1762302828942 0.8421052631578947 0
