1762302828942 0.3701283037662506 0
1762302829113 0.3322201371192932 1
1762302829321 0.31870073080062866 2
1762302829530 0.3090505599975586 3
1762302829769 0.302437961101532 4
1762302830018 0.2948254942893982 5
1762302830257 0.28820735216140747 6
1762302830517 0.2826251685619354 7
1762302830775 0.2767024636268616 8
1762302830994 0.26978757977485657 9
1762302831222 0.263682097196579 10
1762302831561 0.260680228471756 11
1762302831803 0.2585785686969757 12
1762302832030 0.2553710639476776 13
1762302832235 0.2519241273403168 14
1762302828942 0.3701283037662506 0
