1762302828942 0.7705208333333333 0
1762302829113 0.8016741071428573 1
1762302829321 0.8147916666666667 2
1762302829530 0.8291741071428571 3
1762302829769 0.8362202380952382 4
1762302830018 0.8453422619047619 5
1762302830257 0.854985119047619 6
1762302830517 0.8609226190476191 7
1762302830775 0.8677455357142858 8
1762302830994 0.8786235119047618 9
1762302831222 0.8848214285714284 10
1762302831561 0.8881622023809523 11
1762302831803 0.8899107142857142 12
1762302832030 0.8928720238095238 13
1762302832235 0.8964806547619049 14
1762302828942 0.7705208333333333 0
