1762302828942 0.7893738140417458 0
1762302829113 0.7798617966436328 1
1762302829321 0.7857142857142857 2
1762302829530 0.7856430707876371 3
1762302829769 0.7912524850894632 4
1762302830018 0.8003952569169961 5
1762302830257 0.8062930186823992 6
1762302830517 0.81640625 7
1762302830775 0.8296438883541867 8
1762302830994 0.8414985590778098 9
1762302831222 0.8403846153846154 10
1762302831561 0.8397683397683398 11
1762302831803 0.8412852969814996 12
1762302832030 0.8527430221366699 13
1762302832235 0.8595988538681948 14
1762302828942 0.7893738140417458 0
