1762302828942 0.7428571428571429 0
1762302829113 0.7053571428571429 1
1762302829321 0.7071428571428572 2
1762302829530 0.7035714285714286 3
1762302829769 0.7107142857142857 4
1762302830018 0.7232142857142857 5
1762302830257 0.7321428571428571 6
1762302830517 0.7464285714285714 7
1762302830775 0.7696428571428572 8
1762302830994 0.7821428571428571 9
1762302831222 0.7803571428571429 10
1762302831561 0.7767857142857143 11
1762302831803 0.7714285714285715 12
1762302832030 0.7910714285714285 13
1762302832235 0.8035714285714286 14
1762302828942 0.7428571428571429 0
